acquisition:
  gain: 1

calibration:
  temp_c: 33.34
  moe1:
    H2: 0.0
    H1: 0.0
    H0: 0.0
    S2: 3.68002396976259E-10
    S1: -6.67697931983353E-08
    S0: -0.000001302186524551
    I2: -0.0000276154099638092
    I1: 0.00343857707282065
    I0: 1.35453679098324
  moe2:
    H2: 0.0
    H1: 0.0
    H0: 0.0
    S2: 3.04033735972386E-11
    S1: -1.51818211835769E-08
    S0: 4.88035837274824E-06
    I2: -0.0000344399115209197
    I1: 0.00456297308857503
    I0: 1.41859422542362
  ndf:
    H2: 0.0
    H1: 0.0
    H0: 0.0
    S2: 0.0
    S1: 0.0
    S0: 0.0
    I2: 0.0
    I1: 0.0
    I0: 0.0

prediction:
  mode: 0
  C9: 0.0
  C8: 0.0
  C7: 0.0
  C6: -295672.244000044
  C5: 11350.7084501288
  C4: 0.0
  C3: 27536.7614307018
  C2: 0.0
  C1: 0.0
  C0: 347415.130895996
